336
0 L 0 38 1
0 D 0 38 1
0 L 0 121 1
0 D 0 121 1
0 L 0 634 1
0 D 0 634 1
0 L 0 785 1
0 D 0 785 1
0 L 0 805 1
0 D 0 805 1
0 L 0 963 1
0 D 1 963 1
1 L 0 218 1
1 D 1 218 1
1 L 0 247 1
1 D 1 247 1
1 L 0 500 1
1 D 1 500 1
1 L 0 782 1
1 D 1 782 1
1 L 0 794 1
1 D 1 794 1
1 L 0 803 1
1 D 2 803 1
1 L 0 835 1
1 D 2 835 1
1 L 0 920 1
1 D 2 920 1
1 L 0 946 1
1 D 2 946 1
1 L 0 955 1
1 D 2 955 1
2 L 0 57 1
2 D 2 57 1
2 L 0 115 1
2 D 2 115 1
2 L 0 181 1
2 D 2 181 1
2 L 0 252 1
2 D 2 252 1
2 L 0 385 1
2 D 2 385 1
2 L 0 491 1
2 D 2 491 1
2 L 0 538 1
2 D 2 538 1
2 L 0 577 1
2 D 2 577 1
2 L 0 702 1
2 D 2 702 1
2 L 0 738 1
2 D 2 738 1
2 L 0 961 1
2 D 3 961 1
3 L 0 642 1
3 D 3 642 1
3 L 0 736 1
3 D 4 736 1
3 L 0 825 1
3 D 4 825 1
3 L 0 862 1
3 D 4 862 1
4 L 0 349 1
4 D 4 349 1
4 L 0 476 1
4 D 5 476 1
4 L 0 597 1
4 D 5 597 1
4 L 0 688 1
4 D 5 688 1
4 L 0 876 1
4 D 5 876 1
4 L 0 981 1
4 D 5 981 1
5 L 0 8 1
5 D 5 8 1
5 L 0 52 1
5 D 6 52 1
5 L 0 85 1
5 D 6 85 1
5 L 0 142 1
5 D 6 142 1
5 L 0 303 1
5 D 6 303 1
5 L 0 373 1
5 D 6 373 1
5 L 0 458 1
5 D 6 458 1
5 L 0 607 1
5 D 6 607 1
5 L 0 851 1
5 D 6 851 1
6 L 0 51 1
6 D 7 51 1
6 L 0 72 1
6 D 7 72 1
6 L 0 297 1
6 D 7 297 1
6 L 0 336 1
6 D 7 336 1
6 L 0 573 1
6 D 7 573 1
6 L 0 597 1
6 D 7 597 1
6 L 0 616 1
6 D 7 616 1
6 L 0 739 1
6 D 7 739 1
6 L 0 858 1
6 D 8 858 1
6 L 0 987 1
6 D 8 987 1
7 L 0 401 1
7 D 8 401 1
7 L 0 491 1
7 D 8 491 1
7 L 0 501 1
7 D 9 501 1
7 L 0 522 1
7 D 9 522 1
7 L 0 538 1
7 D 9 538 1
7 L 0 756 1
7 D 9 756 1
7 L 0 787 1
7 D 9 787 1
7 L 0 822 1
7 D 9 822 1
7 L 0 864 1
7 D 9 864 1
7 L 0 941 1
7 D 9 941 1
7 L 0 970 1
7 D 9 970 1
8 L 0 119 1
8 D 9 119 1
8 L 0 129 1
8 D 9 129 1
8 L 0 138 1
8 D 9 138 1
8 L 0 237 1
8 D 9 237 1
8 L 0 242 2
8 D 9 242 2
8 L 0 427 1
8 D 9 427 1
8 L 0 486 1
8 D 9 486 1
8 L 0 564 1
8 D 10 564 1
8 L 0 572 1
8 D 10 572 1
8 L 0 589 1
8 D 10 589 1
8 L 0 617 1
8 D 10 617 1
8 L 0 758 1
8 D 10 758 1
8 L 0 787 1
8 D 10 787 1
8 L 0 869 1
8 D 10 869 1
9 L 0 286 1
9 D 10 286 1
9 L 0 404 2
9 D 10 404 2
9 L 0 653 1
9 D 11 653 1
9 L 0 856 1
9 D 11 856 1
9 L 0 982 1
9 D 11 982 1
10 L 0 133 1
10 D 11 133 1
10 L 0 431 1
10 D 12 431 1
10 L 0 502 1
10 D 12 502 1
10 L 0 532 1
10 D 12 532 1
10 L 0 663 1
10 D 13 663 1
10 L 0 788 1
10 D 13 788 1
11 L 0 28 1
11 D 13 28 1
11 L 0 68 1
11 D 13 68 1
11 L 0 275 1
11 D 13 275 1
11 L 0 372 1
11 D 13 372 1
11 L 0 388 1
11 D 14 388 1
11 L 0 468 1
11 D 14 468 1
11 L 0 584 1
11 D 14 584 1
11 L 0 655 1
11 D 14 655 1
11 L 0 688 1
11 D 14 688 1
11 L 0 827 1
11 D 14 827 1
11 L 0 846 1
11 D 14 846 1
11 L 0 897 1
11 D 14 897 1
11 L 0 988 1
11 D 14 988 1
12 L 0 107 1
12 D 14 107 1
12 L 0 283 1
12 D 14 283 1
12 L 0 292 1
12 D 14 292 1
12 L 0 413 1
12 D 15 413 1
12 L 0 646 1
12 D 15 646 1
12 L 0 723 1
12 D 15 723 1
12 L 0 764 1
12 D 15 764 1
12 L 0 786 1
12 D 15 786 1
12 L 0 790 1
12 D 15 790 1
12 L 0 906 1
12 D 15 906 1
12 L 0 926 1
12 D 15 926 1
12 L 0 937 1
12 D 15 937 1
12 L 0 985 1
12 D 15 985 1
13 L 0 14 1
13 D 15 14 1
13 L 0 50 1
13 D 15 50 1
13 L 0 78 1
13 D 15 78 1
13 L 0 159 1
13 D 15 159 1
13 L 0 286 1
13 D 15 286 1
13 L 0 931 1
13 D 16 931 1
14 L 0 266 1
14 D 16 266 1
14 L 0 362 1
14 D 17 362 1
15 L 0 163 1
15 D 17 163 1
15 L 0 193 1
15 D 18 193 1
15 L 0 221 1
15 D 18 221 1
15 L 0 229 1
15 D 18 229 1
15 L 0 367 1
15 D 18 367 1
15 L 0 600 1
15 D 18 600 1
15 L 0 772 1
15 D 18 772 1
15 L 0 922 1
15 D 18 922 1
15 L 0 947 1
15 D 18 947 1
16 L 0 119 1
16 D 18 119 1
16 L 0 127 1
16 D 18 127 1
16 L 0 259 1
16 D 19 259 1
16 L 0 414 1
16 D 19 414 1
16 L 0 623 1
16 D 19 623 1
16 L 0 964 1
16 D 19 964 1
17 L 0 47 1
17 D 19 47 1
17 L 0 83 1
17 D 19 83 1
18 L 0 48 1
18 D 20 48 1
18 L 0 66 1
18 D 21 66 1
18 L 0 107 1
18 D 21 107 1
18 L 0 779 1
18 D 21 779 1
18 L 0 780 1
18 D 21 780 1
18 L 0 883 1
18 D 22 883 1
19 L 0 17 1
19 D 22 17 1
19 L 0 30 1
19 D 22 30 1
19 L 0 116 1
19 D 22 116 1
19 L 0 144 1
19 D 22 144 1
19 L 0 164 1
19 D 22 164 1
19 L 0 322 1
19 D 22 322 1
19 L 0 439 1
19 D 22 439 1
19 L 0 481 1
19 D 22 481 1
19 L 0 537 1
19 D 22 537 1
19 L 0 573 1
19 D 22 573 1
19 L 0 615 1
19 D 22 615 1
19 L 0 652 1
19 D 23 652 1
19 L 0 724 1
19 D 23 724 1
19 L 0 775 1
19 D 23 775 1
19 L 0 778 1
19 D 23 778 1
19 L 0 788 1
19 D 23 788 1
19 L 0 855 1
19 D 23 855 1
19 L 0 915 1
19 D 23 915 1
19 L 0 961 1
19 D 23 961 1
